0,9
0,1
0,479
0,300
0,299
0,298
0,297
0,296
0,295
0,294
0,293
0,292
0,291
0,290
0,289
0,288
0,287
0,286
0,285
0,284
0,283
0,282
0,281
0,280
0,279
0,278
0,277
0,276
0,275
0,274
0,273
0,272
0,271
0,270
0,269
0,268
0,267
0,266
0,265
0,264
0,263
0,262
0,261
0,260
0,259
0,258
0,257
0,256
0,255
0,254
0,253
0,252
0,251
0,250
0,249
0,248
0,247
0,246
0,245
0,244
0,242
0,241
0,240
0,444
2,3
2,5
2,16
2,19
2,20
2,23
2,24
4,3
6,3
6,5
6,7
40,4
63,1
63,2
63,5
65,1
65,2
70,0
70,1
70,3
76,0
76,2
76,5
86,0
86,2
86,3
92,0
92,2
92,3
116,1
116,2
116,4
116,5
116,7
118,0
118,1
118,3
118,5
119,0
119,2
119,3
140,1
140,2
140,4
147,1
147,2
147,5
157,0
157,2
157,3
171,1
171,3
173,0
173,2
173,3
178,0
178,2
178,3
178,6
181,0
181,2
181,3
181,7
183,0
183,1
183,3
183,6
184,0
184,2
184,3
187,1
187,2
187,4
187,5
187,7
187,9
190,0
190,2
190,3
197,1
197,3
199,0
199,2
199,3
218,0
218,2
218,3
253,0
253,1
253,3
257,0
257,2
257,5
261,0
261,2
261,3
265,0
265,2
265,3
269,0
269,1
269,3
269,5
281,1
281,3
282,0
282,2
282,3
282,5
286,0
286,1
286,3
286,4
286,12
287,0
287,2
287,4
287,5
288,1
288,2
288,4
289,0
289,1
289,3
289,4
292,0
292,1
292,3
292,5
296,0
296,2
296,3
296,11
300,1
300,2
302,0
302,1
302,3
306,0
306,1
306,3
306,4
306,6
313,0
313,2
315,0
315,1
315,3
315,4
315,6
316,0
316,1
316,3
316,4
317,0
317,1
317,3
317,5
318,0
318,2
318,3
318,5
318,7
318,8
325,1
325,2
325,5
338,0
338,2
338,4
338,5
340,1
340,2
340,4
341,0
341,1
341,3
341,4
343,0
343,2
343,3
349,0
349,1
349,3
349,4
351,1
351,3
351,4
353,1
353,2
353,4
355,1
355,2
355,4
357,0
357,2
357,3
359,0
359,2
359,3
364,1
364,2
364,4
365,0
365,1
365,3
365,4
365,8
367,0
367,2
367,5
367,6
368,1
368,2
368,4
376,1
376,2
376,5
376,6
379,1
379,2
379,4
381,0
381,1
381,3
389,0
389,2
389,4
393,0
393,2
393,3
396,1
396,3
396,5
397,1
397,2
397,6
397,8
399,0
399,2
399,3
399,5
400,0
400,2
400,4
400,5
401,0
401,1
401,3
401,4
401,6
403,1
403,2
403,5
403,6
404,0
404,2
404,3
404,5
404,6
405,0
405,1
405,3
407,1
407,2
407,4
407,5
407,7
407,9
407,10
408,1
408,2
408,4
413,0
413,1
413,3
413,4
413,6
413,7
414,1
414,3
415,0
415,2
415,3
417,0
417,2
417,3
417,5
418,0
418,2
418,3
420,1
420,3
420,4
421,1
421,2
421,4
421,6
422,0
422,2
422,3
423,0
423,1
423,3
425,0
425,1
425,3
425,4
0,0
40,3
1,2
3,3
3,4
3,6
3,5
3,2
2,2
0,243
425,2
423,4
423,2
422,4
422,1
421,5
421,3
421,0
420,2
420,0
418,1
417,4
417,1
415,5
415,1
414,2
414,0
413,5
413,2
408,5
408,3
408,0
407,8
407,6
407,3
407,0
405,2
404,7
404,4
404,1
403,7
403,3
403,0
401,5
401,2
400,6
400,3
400,1
399,4
399,1
397,9
397,3
397,0
396,2
396,0
393,1
389,3
389,1
381,2
379,5
379,3
379,0
376,3
376,0
368,3
368,0
367,3
367,1
365,7
365,2
364,5
364,3
364,0
359,1
357,4
357,1
355,3
355,0
353,3
353,0
351,2
351,0
349,2
343,4
343,1
341,5
341,2
340,5
340,3
340,0
338,3
338,1
325,3
325,0
318,6
318,4
318,1
317,4
317,2
316,5
316,2
315,7
315,5
315,2
313,3
313,1
306,5
306,2
302,5
302,2
300,3
300,0
296,4
296,1
292,4
292,2
289,5
289,2
288,5
288,3
288,0
287,3
287,1
286,5
286,2
282,6
282,4
282,1
281,2
281,0
269,2
265,5
265,1
261,5
261,1
257,3
257,1
253,2
218,5
218,1
199,5
199,1
197,2
197,0
190,1
187,8
187,6
187,3
187,0
184,1
183,7
183,2
181,8
181,6
181,1
178,5
178,1
173,5
173,1
171,2
171,0
157,1
147,3
147,0
140,3
140,0
119,1
118,6
118,2
116,9
116,6
116,3
116,0
92,1
86,5
86,1
76,3
76,1
70,2
65,3
65,0
63,3
63,0
6,6
6,4
5,3
2,22
2,17
2,7
1,3
0,509
0,239
0,238
0,237
0,236
0,235
0,234
0,233
0,232
0,231
0,230
0,229
0,228
0,227
0,226
0,225
0,224
0,223
0,222
0,221
0,220
0,219
0,218
0,217
0,216
0,215
0,214
0,213
0,212
0,211
0,210
0,209
0,208
0,207
0,206
0,205
0,204
0,203
0,202
0,201
0,200
0,199
0,198
0,197
0,196
0,195
0,194
0,193
0,192
0,63
0,62
0,61
0,60
0,59
0,58
0,57
0,56
0,55
0,54
0,53
0,52
0,51
0,50
0,49
0,48
0,47
0,46
0,45
0,6
0,5
0,304
0,303
0,306
0,305
0,302
0,12
0,389
0,10
0,8
0,454
0,11
0,4
0,2
0,3
0,7
